IID	sex	age	y
1	1	25	0.25
2	0	26	0.25
3	0	30	0
4	1	39	0
5	0	28	0
6	1	33	0
7	0	20	0
8	1	27	0
9	1	30	0
10	1	38	0
11	0	46	0
12	1	36	1
13	1	36	0
14	0	36	0
15	0	42	0
16	0	40	1
17	0	22	0
18	1	24	0.25
19	0	28	0
20	0	32	0
21	0	36	0
22	1	24	0
23	1	32	0
24	0	43	1
25	1	22	1
26	1	47	0
27	1	44	0
28	0	33	0
29	0	37	0
30	1	20	0
31	0	21	0
32	0	34	0
33	0	25	0
34	0	37	0
35	1	46	0
36	0	29	0.25
37	0	37	0
38	0	42	0
39	1	28	0
40	0	26	0
41	1	25	0
42	0	33	0
43	1	31	0
44	1	47	0.25
45	1	40	0
46	1	32	0
47	1	48	0.25
48	0	20	0
49	0	29	0
50	1	26	0.5
51	1	40	0
52	1	39	0
53	0	23	0
54	1	25	0
55	0	25	0
56	0	45	0
57	1	48	0
58	0	27	0
59	1	49	0
60	1	30	0
61	0	40	0
62	1	30	0
63	1	23	0
64	1	20	0
65	0	46	0
66	0	35	1
67	0	21	0
68	0	25	0
69	1	38	0
70	0	43	0
71	1	40	0
72	0	26	0
73	1	39	0
74	0	44	0
75	1	30	0
76	1	43	0
77	1	28	0
78	0	34	0
79	1	21	0
80	0	36	0
81	1	24	0
82	0	26	1
83	1	43	0
84	1	48	0
85	1	31	0
86	0	44	0
87	1	22	0
88	0	23	0
89	0	25	0
90	0	47	0
91	0	34	0.25
92	1	21	0
93	0	38	0
94	0	45	0
95	1	27	0.25
96	1	29	1
97	1	23	0
98	1	46	0
99	0	22	0.25
100	0	29	0
101	0	28	0
102	1	27	0
103	1	39	0
104	1	39	0
105	1	27	0
106	1	36	0
107	0	49	0
108	1	33	0
109	0	49	1
110	0	45	0
111	0	31	0
112	0	44	0
113	0	33	0.25
114	0	47	0.25
115	0	25	0
116	1	43	0
117	0	37	0
118	1	24	0
119	1	35	0
120	1	29	0
121	1	43	0
122	0	40	0
123	1	42	0
124	0	21	0
125	1	36	0
126	1	23	0
127	0	38	0
128	1	35	0
129	0	39	0.25
130	1	38	0
131	1	39	0
132	1	48	1
133	1	48	0
134	1	40	0
135	1	29	0
136	0	38	0.25
137	1	37	0
138	1	45	0
139	0	39	0
140	1	34	0
141	0	45	0
142	0	27	1
143	0	24	0
144	0	35	0
145	0	30	0
146	0	45	0
147	1	42	0
148	0	46	0
149	1	50	0
150	0	23	0.25
151	1	43	0
152	1	42	0.25
153	1	33	0
154	1	33	0
155	0	30	0
156	0	29	0
157	0	33	0
158	1	49	1
159	0	37	0
160	0	42	0
161	1	25	0
162	0	24	0
163	1	38	0
164	0	29	0.25
165	1	20	0
166	1	28	0
167	0	25	0
168	0	44	0
169	1	28	0
170	0	45	0
171	0	26	0
172	0	49	0
173	0	39	0
174	1	42	0
175	0	32	0
176	0	36	0
177	1	38	0
178	0	49	0
179	0	35	0
180	0	24	0
181	1	38	0
182	0	29	0.25
183	1	25	0
184	1	30	0.25
185	0	31	0
186	1	46	0
187	0	39	0
188	0	25	1
189	1	25	0
190	1	40	0
191	0	46	0
192	0	22	0
193	0	35	0
194	0	34	0
195	1	21	0
196	1	43	0
197	1	22	0
198	1	26	0.25
199	0	36	0.25
200	0	32	0
201	0	47	0
202	0	30	0
203	0	22	0
204	0	37	0
205	0	49	0
206	1	33	0
207	0	37	1
208	1	43	0
209	0	28	0
210	1	29	0
211	0	35	0
212	0	34	0
213	1	43	0
214	1	43	0
215	1	40	0
216	0	31	0
217	0	48	0
218	1	39	0.25
219	0	32	0
220	0	41	0
221	0	41	0
222	0	35	0
223	1	26	0.25
224	0	31	0
225	1	25	0
226	1	38	0
227	0	21	0
228	0	35	0
229	0	47	0
230	0	41	0
231	1	49	0
232	1	28	0
233	1	42	0.25
234	1	38	0
235	0	33	0.25
236	1	22	0
237	0	38	0
238	1	41	0
239	0	49	0.25
240	1	40	0
241	0	25	0
242	1	44	0
243	0	44	0
244	1	21	1
245	1	48	0
246	0	41	0
247	1	25	0
248	0	36	0
249	0	47	1
250	1	44	0
251	1	42	0
252	1	36	0
253	0	24	0
254	0	47	0
255	1	45	0
256	1	22	0
257	0	43	0
258	1	45	0
259	1	48	0.25
260	1	32	0
261	0	30	0.25
262	0	49	0.25
263	1	39	0
264	0	29	0
265	0	46	0
266	1	46	0
267	0	36	0
268	0	45	0
269	0	33	0
270	0	22	0
271	1	22	0
272	0	42	0.25
273	1	30	0
274	0	38	0.25
275	1	25	0
276	1	45	0
277	1	21	0.25
278	1	36	0
279	1	39	0
280	0	42	0
281	0	38	0
282	0	45	0
283	0	30	0
284	1	46	0
285	1	20	0
286	0	35	0
287	0	41	0
288	1	34	1
289	0	34	0
290	1	39	0
291	1	45	0
292	1	42	0
293	1	23	0
294	0	37	0
295	1	28	0
296	0	27	0
297	1	44	0
298	0	23	0
299	0	42	0
300	1	50	0
301	1	33	0.25
302	0	46	0
303	0	24	0
304	1	34	0
305	0	28	0
306	0	20	0
307	0	26	0
308	1	26	0
309	0	26	0
310	1	36	0
311	1	21	0
312	0	39	0
313	1	46	0
314	1	27	0
315	0	27	0
316	1	35	0.25
317	0	33	0.25
318	1	31	0.25
319	1	49	0
320	0	36	0.25
321	0	41	0
322	1	45	0
323	0	39	0
324	1	46	0
325	0	39	0
326	0	23	0
327	1	41	0
328	1	44	0
329	1	32	0
330	1	20	0
331	0	22	0.25
332	1	37	0
333	0	38	0
334	1	45	0
335	1	50	0
336	0	28	0
337	0	40	0
338	0	31	0
339	0	37	0
340	1	21	0
341	0	43	0
342	1	48	0
343	0	45	0
344	0	38	1
345	0	47	0
346	0	21	0
347	0	29	0
348	0	21	0.25
349	1	43	0
350	0	40	1
351	0	41	0
352	1	41	0
353	1	46	0
354	0	27	0
355	0	35	0
356	0	23	0
357	0	42	0
358	1	22	0
359	0	41	0.25
360	1	41	0
361	0	32	0.25
362	0	46	0
363	1	47	1
364	1	25	0
365	1	48	0
366	0	26	0
367	1	37	0
368	1	45	0
369	1	46	0
370	0	45	0
371	0	28	0
372	1	40	0
373	1	29	0
374	0	46	0
375	1	34	0
376	0	39	0
377	0	50	0
378	0	32	0
379	0	30	0
380	1	36	0
381	0	49	0.25
382	1	50	0
383	0	22	0.25
384	1	49	0
385	0	36	0
386	0	22	0
387	0	49	0.25
388	0	25	0
389	1	47	0.25
390	1	47	0
391	0	42	0
392	1	21	0
393	1	43	0
394	0	24	0
395	0	36	0
396	1	41	0
397	0	39	0
398	1	39	0
399	1	33	0
400	1	40	0
401	0	43	0
402	1	47	0
403	1	39	0
404	0	26	0
405	1	44	0
406	0	48	0
407	1	26	0
408	0	31	0
409	0	42	0
410	0	31	0
411	0	37	0
412	1	20	0
413	0	42	0
414	1	48	0.25
415	0	40	0.25
416	0	36	0
417	1	43	0
418	0	43	0
419	1	33	0
420	1	34	0
421	0	30	0
422	0	22	0
423	0	45	0
424	0	49	1
425	0	27	0
426	0	46	0
427	1	45	0
428	1	29	0
429	1	28	0
430	0	38	0
431	1	44	0
432	0	22	0
433	0	43	0
434	1	50	1
435	0	45	0
436	1	35	0
437	1	41	0
438	0	32	0
439	1	29	0
440	0	24	0
441	1	43	0
442	0	21	0
443	0	39	0
444	0	40	0.5
445	1	42	0
446	1	36	0
447	1	42	0
448	0	26	0
449	0	22	0
450	1	35	0
451	0	33	0
452	0	23	0
453	0	31	0
454	1	42	0
455	1	34	0
456	0	38	0
457	1	47	0
458	0	40	0
459	1	31	0
460	0	26	0
461	1	45	0
462	1	30	0
463	1	30	0
464	1	21	0
465	0	27	0
466	1	20	0
467	0	39	0
468	0	49	0
469	1	46	0
470	0	26	0
471	0	38	0
472	0	34	0
473	1	35	0
474	0	43	1
475	0	45	0
476	1	47	0
477	0	30	0.25
478	0	47	0
479	0	44	0
480	1	32	0
481	1	24	0
482	0	32	0
483	0	26	0.25
484	1	35	0
485	1	35	0
486	0	35	0
487	0	21	0
488	1	29	0
489	0	44	0
490	1	45	0
491	0	47	0
492	0	26	0
493	1	46	0
494	1	43	0
495	0	28	1
496	0	43	0
497	1	29	0
498	0	28	0
499	0	33	0
500	0	25	0
501	1	35	0
502	0	32	0
503	1	20	0
504	1	40	0
505	1	40	0
506	0	45	0
507	1	44	0.25
508	0	46	0
509	1	40	0
510	0	29	0
511	0	29	0
512	0	39	0
513	1	42	0
514	0	41	0
515	1	35	0
516	0	35	0
517	1	46	0
518	1	21	0
519	1	29	0.25
520	0	46	0
521	1	20	0
522	0	41	0
523	0	24	0
524	1	25	0
525	1	23	0.25
526	1	39	0
527	1	27	0
528	0	46	0
529	0	37	0
530	0	36	0
531	1	23	0
532	0	26	0
533	0	30	0
534	0	31	0
535	1	31	0
536	1	29	0
537	0	29	0
538	1	36	0
539	1	45	0
540	1	35	0
541	0	40	0
542	1	38	0
543	1	38	0
544	0	20	0
545	0	43	0
546	1	26	0
547	1	49	0
548	1	27	0
549	0	44	0
550	0	40	0.25
551	0	46	0
552	1	37	1
553	0	45	0
554	1	50	0
555	0	49	0
556	1	36	0
557	0	43	0
558	1	24	0
559	1	30	0.25
560	0	28	0
561	1	39	0
562	1	46	0
563	1	40	0
564	1	41	0
565	1	38	0
566	0	46	0
567	1	44	0
568	0	35	0
569	1	42	0.25
570	1	39	0
571	0	28	0
572	0	40	0
573	1	46	0
574	1	50	0
575	1	22	0
576	1	34	0
577	1	23	0
578	1	30	0
579	0	37	0
580	1	40	0
581	1	35	0
582	0	39	0
583	0	47	0.25
584	0	41	0
585	0	31	0.25
586	1	46	0
587	0	36	0
588	1	37	0
589	0	36	0
590	0	37	0.25
591	0	23	0
592	1	31	0
593	1	39	0
594	1	34	0.25
595	1	24	0
596	1	35	0
597	1	32	0
598	1	33	0
599	0	35	0
600	0	40	0
601	0	47	0
602	0	43	0
603	1	43	0
604	1	42	0
605	0	46	0
606	1	20	0
607	0	46	0
608	0	46	0
609	1	21	0
610	1	49	0
611	0	47	0
612	1	36	0
613	0	49	0.25
614	0	30	0
615	1	49	0
616	0	36	0
617	0	43	0
618	0	38	0
619	1	29	0
620	1	43	0
621	1	20	0
622	1	37	0
623	0	30	0
624	0	43	0
625	0	47	0
626	1	22	0
627	1	25	0
628	1	23	0
629	1	38	0
630	0	28	0
631	1	21	0
632	0	29	0
633	1	43	0.25
634	0	27	0
635	1	26	0
636	0	30	0
637	1	31	0
638	0	44	1
639	0	50	0
640	0	39	0
641	1	24	0
642	1	31	0
643	0	21	0
644	1	33	0
645	0	47	0
646	0	33	0
647	0	39	0
648	1	24	0
649	1	45	0
650	0	43	0
651	1	39	0.25
652	0	36	0.25
653	1	36	0
654	1	30	0
655	1	41	0
656	0	36	1
657	0	25	0
658	0	41	0
659	1	28	0
660	1	29	0
661	1	44	0
662	1	34	0
663	0	26	0.25
664	0	30	0
665	0	32	0
666	1	32	0
667	1	45	0
668	1	39	0
669	0	32	0
670	0	22	0
671	1	29	0
672	0	29	0
673	1	21	0
674	1	42	0
675	1	47	0
676	0	39	0
677	1	41	0
678	0	26	0
679	0	24	0.25
680	1	25	0
681	0	50	0
682	1	31	0
683	0	20	0
684	1	46	0
685	1	45	0
686	0	35	0.25
687	1	46	0
688	1	28	0
689	1	44	0
690	0	44	1
691	1	40	0
692	0	34	0
693	0	36	0
694	0	50	0
695	0	38	0
696	1	44	0
697	1	21	0
698	0	38	0
699	0	46	0
700	0	21	0
701	0	43	0
702	0	23	0
703	0	28	0
704	1	27	0
705	0	26	0
706	1	30	0
707	1	43	0
708	1	25	0
709	0	38	0
710	0	31	0
711	0	28	0
712	1	36	0.25
713	1	46	0
714	1	37	0
715	0	35	0
716	0	35	0
717	1	45	0
718	1	32	0
719	0	30	0
720	0	29	0
721	0	28	0.25
722	0	22	0
723	1	21	0
724	1	34	0
725	1	38	0
726	1	25	0
727	0	47	0
728	0	45	0
729	0	26	0
730	1	21	0
731	1	28	0
732	0	44	0
733	1	26	0
734	1	37	0
735	1	40	0
736	0	38	0
737	1	48	1
738	0	42	0
739	0	28	0
740	1	35	0
741	0	37	0
742	0	33	0
743	1	33	0
744	1	39	0
745	1	42	0
746	0	43	0
747	0	45	0
748	1	22	0
749	1	43	0
750	1	43	0
751	1	31	0
752	1	40	0
753	1	36	0
754	0	47	0
755	1	41	0
756	0	26	0
757	1	32	1
758	1	37	0
759	1	48	0
760	0	45	0
761	1	39	0
762	1	48	0
763	0	48	0
764	0	29	0
765	1	47	0
766	0	31	0
767	0	50	0
768	0	30	0
769	0	35	0.25
770	1	23	0
771	1	41	0
772	1	38	0
773	0	22	0
774	0	45	0
775	1	41	0.25
776	1	34	0
777	0	23	0
778	1	38	0
779	1	41	0
780	0	36	0
781	0	42	0
782	1	24	0
783	0	47	0
784	0	23	0
785	1	41	0
786	0	46	0
787	0	28	1
788	0	40	0
789	1	42	0
790	0	47	0
791	1	31	0
792	0	45	0
793	0	33	0
794	1	32	0
795	0	35	0
796	0	28	0
797	1	38	0
798	1	37	0
799	1	50	0
800	0	25	0.25
801	1	45	0
802	1	30	0
803	1	33	0
804	0	20	0
805	1	38	0
806	0	31	0
807	0	45	0
808	1	26	0
809	1	31	0.25
810	0	48	0
811	1	38	0
812	1	33	0
813	1	21	0
814	1	32	0
815	0	39	0
816	0	41	0
817	1	34	0
818	0	23	0
819	1	30	0.25
820	0	32	0
821	1	42	0
822	0	41	0
823	1	31	0
824	0	43	0
825	1	33	0
826	0	46	0
827	1	24	0
828	1	45	0
829	1	36	0
830	1	35	0
831	1	39	0
832	1	25	0
833	0	39	0.25
834	1	31	0
835	0	23	0.25
836	0	34	0
837	1	43	0
838	0	42	0
839	0	29	0
840	0	23	0.25
841	0	36	0
842	0	24	0
843	0	47	0
844	1	37	0.25
845	0	27	0
846	0	24	0
847	1	34	0
848	1	35	0
849	0	27	0
850	0	41	0
851	1	29	0
852	0	49	0
853	0	31	0
854	0	49	0
855	1	38	0
856	1	30	0
857	0	44	0
858	0	31	0
859	0	25	0
860	0	45	0
861	0	49	1
862	0	44	0
863	0	33	0.25
864	0	39	0
865	1	34	0
866	1	29	0
867	1	21	0
868	1	20	0
869	0	39	0
870	0	41	0
871	0	33	0
872	1	33	0
873	0	42	0
874	1	25	0
875	1	35	0
876	0	43	0
877	1	46	0
878	1	33	0
879	1	50	0
880	1	25	0
881	0	23	0
882	0	40	0
883	0	46	0.25
884	1	29	0
885	0	40	0
886	1	22	0
887	1	47	0
888	0	43	0
889	1	24	0
890	0	42	0
891	0	37	0
892	0	41	0
893	0	38	0
894	0	44	1
895	0	23	0
896	1	31	0
897	0	29	0
898	1	32	0
899	0	33	1
900	1	37	0
901	0	24	0.25
902	0	33	0.25
903	0	45	0
904	1	42	0
905	1	27	0
906	1	27	0
907	0	27	0
908	0	43	0
909	1	39	0
910	1	20	0
911	0	22	0
912	0	26	0
913	0	42	0.25
914	0	37	0
915	0	47	0
916	1	39	0
917	0	28	0
918	0	40	0
919	1	45	0
920	0	31	0
921	1	43	0
922	0	23	0
923	0	42	0
924	0	37	0
925	1	35	0
926	1	36	0
927	0	43	0
928	1	28	0
929	0	44	0.25
930	1	23	0
931	1	29	0
932	0	44	0
933	1	47	0
934	1	20	0
935	1	26	0
936	1	27	0.25
937	0	31	0
938	0	31	1
939	0	50	0
940	0	24	0
941	0	42	0
942	0	42	0
943	0	43	0
944	0	40	0
945	1	47	1
946	0	30	0
947	1	35	0
948	0	21	0
949	1	32	0
950	1	37	0
951	1	39	0
952	1	45	0
953	1	46	0
954	1	35	0
955	1	40	0
956	1	30	0
957	0	38	0
958	0	26	0
959	1	31	0
960	0	48	0
961	0	31	0
962	0	26	0.25
963	0	33	0
964	0	42	0
965	1	43	0
966	0	41	0
967	1	31	0
968	1	45	0
969	1	42	0
970	1	50	0
971	0	50	0.25
972	0	40	0
973	0	20	0
974	0	42	0
975	0	27	0
976	0	28	0
977	0	33	0
978	1	25	0
979	1	24	0
980	0	37	0
981	1	43	0
982	1	23	0
983	0	30	0
984	1	40	0
985	0	48	0
986	0	45	0
987	0	29	0
988	1	27	0
989	1	42	0
990	1	48	0
991	1	27	0
992	0	47	0
993	1	21	0
994	0	43	0
995	1	43	0
996	1	34	0
997	0	47	0
998	1	29	0
999	0	39	1
1000	0	48	0
